% Octave bands central frequencies
oct = [31.5
       63
       125
       250
       500
       1000
       2000
       4000
       8000
       16000];

% Third-octave bands central frequencies
third_oct = [25.0 
             31.5 
             39.7 
             50.0 
             63.0 
             79.4 
             99.2 
             125.0 
             157.5 
             198.4 
             250.0 
             315.0 
             396.9 
             500.0 
             630.0 
             793.7 
             1000.0 
             1259.9 
             1587.4 
             2000.0 
             2519.8 
             3174.8 
             4000.0 
             5039.7 
             6349.6 
             8000.0 
             10079.4 
             12699.2 
             16000.0 
             20158.7];

third_oct_cut_freqs = [22.3 28.1
                       28.1 35.4
                       35.4 44.6
                       44.5 56.1
                       56.1 70.7
                       70.7 89.1
                       88.4 111.3
                       111.4 140.3
                       140.3 176.8
                       176.8 222.7
                       222.7 280.6
                       280.6 353.6
                       353.6 445.5
                       445.4 561.2
                       561.3 707.2
                       707.1 890.9
                       890.9 1122.5
                       1122.4 1414.2
                       1414.2 1781.8
                       1781.8 2244.9
                       2244.9 2828.4
                       2828.4 3563.6
                       3563.6 4489.8
                       4489.9 5656.9
                       5656.9 7127.2
                       7127.2 8979.7
                       8979.7 11313.7
                       11313.7 14254.4
                       14254.4 17959.4
                       17959.4 22627.4];


